
NUMPOLLIES 34

// Floor 1
-2.0  0.0 -2.0 0.0 50.0
-2.0  0.0  2.0 0.0 0.0
 2.0  0.0  2.0 50.0 0.0

-2.0  0.0 -2.0 0.0 50.0
 2.0  0.0 -2.0 6.0 0.0
 2.0  0.0  2.0 50.0 0.0

// Left hallway - Floor

-8.0  0.0  1.5 1.0 1.0
-8.0  0.0  2.0 1.0 0.0
-2.0  0.0  2.0 0.0 0.0
-8.0  0.0  1.5 1.0 1.0
-2.0  0.0  1.5 0.0 1.0
-2.0  0.0  2.0 0.0 0.0

//Front Hallway -Floor
1.5 0.0 -8.0 0.0 1.0
1.5 0.0 -2.0 0.0 0.0
2.0 0.0 -2.0 1.0 0.0
2.0 0.0 -2.0 0.0 1.0
2.0 0.0 -8.0 0.0 0.0
1.5 0.0 -8.0 1.0 0.0

//Front 2 Hallway - Floor
-24.0 0.0 -8.0 0.0 1.0
 2.0  0.0 -8.0 0.0 0.0
 2.0  0.0 -7.5 1.0 0.0
-24.0 0.0 -8.0 0.0 1.0
-24.0  0.0 -7.5 0.0 0.0
 2.0  0.0 -7.5 1.0 0.0

//Link - Floor
-8.5 0.0 -7.5 1.0 0.0
-8.0 0.0 -7.5 0.0 0.0
-8.0 0.0  4.0 0.0 1.0
-8.0 0.0  4.0 1.0 0.0
-8.5 0.0  4.0 0.0 0.0
-8.5 0.0 -7.5 0.0 1.0

//Front Entry -Floor
-8.0  0.0 4.0 1.0 0.0
-8.0  0.0 3.5 0.0 0.0
-12.0 0.0 3.5 0.0 1.0
-12.0 0.0 3.5 0.0 1.0
-12.0 0.0 4.0 0.0 1.0
-8.0  0.0 4.0 1.0 0.0

//Arena Floor
-12.0 0.0 0.0 6.0 0.0
-12.0 0.0 8.0 0.0 0.0
-22.0 0.0 0.0 0.0 6.0
-22.0 0.0 0.0 6.0 0.0
-22.0 0.0 8.0 0.0 0.0
-12.0 0.0 8.0 0.0 6.0

//Front 3 Hallway - Floor
-23.5 0.0 -8.0 1.0 0.0
-24.0 0.0 -8.0 0.0 0.0
-24.0 0.0  0.5 0.0 1.0
-24.0 0.0  0.5 1.0 0.0
-23.5 0.0  0.5 0.0 0.0
-23.5 0.0 -8.0 0.0 1.0

//Back Entry-Floor

-22.0 0.0  0.5 1.0 0.0
-22.0 0.0  0.0 0.0 0.0
-24.0 0.0  0.0 0.0 1.0
-24.0 0.0  0.0 1.0 0.0
-24.0 0.0  0.5 0.0 0.0
-22.0 0.0  0.5 0.0 1.0

// Home-Floor 1
-2.0  0.0 28.0 0.0 50.0
-2.0  0.0  32.0 0.0 0.0
 2.0  0.0  32.0 50.0 0.0
-2.0  0.0 28.0 0.0 50.0
 2.0  0.0 28.0 0.0 0.0
 2.0  0.0  32.0 50.0 0.0
