
NUMPOLLIES 48


// Ceiling 1
Y
-2.0  1.0 -2.0 0.0 0.0
-2.0  1.0  2.0 6.0 0.0
2.0  1.0  2.0 6.0 6.0
2.0  1.0 -2.0 0.0 6.0

// A1
Z
-2.0  1.0  -2.0 0.0 0.0
-2.0  0.0  -2.0 5.0 0.0
1.5  0.0  -2.0 5.0 5.0
1.5  1.0  -2.0 0.0 5.0

// C1
X
-2.0  1.0  -2.0 0.0  0.0
-2.0  0.0  -2.0 5.0  0.0
-2.0  0.0  1.5  5.0  5.0
-2.0  1.0  1.5  0.0  5.0


// D1
X
2.0  1.0  -2.0 0.0 0.0
2.0  0.0  -2.0 5.0 0.0
2.0  0.0   0.0 5.0 5.0
2.0  1.0   0.0 0.0 5.0

// D2
X
2.0  1.0  2.0 0.0 0.0
2.0  0.0   2.0 5.0 0.0
2.0  0.0   0.0 5.0 5.0
2.0  1.0  0.0 0.0 5.0

// Home-A1
Z
-2.0  1.0  18.0 0.0 0.0
-2.0  0.0  18.0 5.0 0.0
1.5  0.0  18.0 5.0 5.0
1.5  1.0  18.0 0.0 5.0

//Home-C1
X
-2.0  1.0  18.0 0.0  0.0
-2.0  0.0  18.0 5.0 0.0
-2.0  0.0  21.5 5.0 5.0
-2.0  1.0  21.5 0.0  5.0

//Home-D1
X
2.0  1.0  18.0 0.0 0.0
2.0  0.0  18.0 5.0 0.0
2.0  0.0   20.0 5.0 5.0
2.0  1.0   20.0 0.0 5.0

//Home-D2
X
2.0  1.0  22.0 0.0 0.0
2.0  0.0  22.0 5.0 0.0
2.0  0.0  20.0 5.0 5.0
2.0  1.0  20.0 0.0 5.0

// Home-Back_wall
Z
-2.0  1.0  22.0 0.0 0.0
-2.0  0.0  22.0 5.0 0.0
2.0  0.0  22.0 5.0 5.0
2.0  1.0  22.0 0.0 5.0

// Home-Ceiling 1
Y
-2.0  1.0  18.0 0.0 0.0
-2.0  1.0  22.0 5.0 0.0
2.0  1.0  22.0 5.0 5.0
2.0  1.0  18.0 0.0 5.0

// Front hallway - L
X
1.5  1.0  -7.5 0.0 0.0
1.5  0.0   -7.5 5.0 0.0
1.5  0.0   -2.0 5.0 5.0
1.5  1.0  -2.0 0.0 5.0

// Front hallway - R
X
2.0  1.0  -8.0 0.0 0.0
2.0  0.0   -8.0 5.0 0.0
2.0  0.0   -2.0 5.0 5.0
2.0  1.0  -2.0 0.0 5.0

//Front Hallway -Ceiling
Y
1.5 1.0 -8.0 0.0 0.0
1.5 1.0 -2.0 5.0 0.0
2.0 1.0 -2.0 5.0 5.0
2.0 1.0 -8.0 0.0 5.0

// Left hallway - Ceiling
Y
-8.0  1.0  1.5 0.0 0.0
-8.0  1.0  2.0 5.0 0.0
-2.0  1.0  2.0 5.0 5.0
-2.0  1.0  1.5 0.0 5.0

// Left hallway - R
Z
-8.0  1.0  1.5 0.0 0.0
-8.0  0.0  1.5 5.0 0.0
-2.0  0.0  1.5 5.0 5.0
-2.0  1.0  1.5 0.0 5.0

// Left hallway - L
Z
-8.0  1.0  2.0 0.0 0.0
-8.0  0.0  2.0 5.0 0.0
-2.0  0.0  2.0 5.0 5.0
-2.0  1.0  2.0 0.0 5.0

//Front 2 Hallway - R
Z
-24.0 0.0 -8.0 0.0 0.0
-24.0 1.0 -8.0 5.0 0.0
2.0  1.0 -8.0 5.0 5.0
2.0  0.0 -8.0 0.0 5.0

//Front 2 Hallway - L1
Z
-8.0  0.0 -7.5 0.0 0.0
-8.0  1.0 -7.5 5.0 0.0
1.5  1.0 -7.5 5.0 5.0
1.5  0.0 -7.5 0.0 5.0

//Front 2 Hallway - L2
Z
-23.5 0.0 -7.5 0.0 0.0
-23.5 1.0 -7.5 5.0 0.0
-8.5  1.0 -7.5 5.0 5.0
-8.5  0.0 -7.5 0.0 5.0

//Front 2 Hallway - Ceiling
Y
-24.0 1.0 -8.0 0.0 0.0
2.0  1.0 -8.0 5.0 0.0
2.0  1.0 -7.5 5.0 5.0
-24.0 1.0 -7.5 0.0 5.0

//Front 3 Hallway - R
X
-24.0 0.0 -8.0 0.0 0.0
-24.0 1.0 -8.0 5.0 0.0
-24.0 1.0  0.5 5.0 5.0
-24.0 0.0  0.5 0.0 5.0

//Front 3 Hallway - L
X
-23.5 0.0 -7.5 0.0 0.0
-23.5 1.0 -7.5 5.0 0.0
-23.5 1.0  0.0 5.0 5.0
-23.5 0.0  0.0 0.0 5.0


//Front 3 Hallway - Ceiling
Y
-23.5 1.0 -8.0 0.0 0.0
-24.0 1.0 -8.0 5.0 0.0
-24.0 1.0  0.5 5.0 5.0
-23.5 1.0  0.5 0.0 5.0

//Back Entry-R
Z
-22.0 1.0  0.0 0.0 0.0
-22.0 0.0  0.0 5.0 0.0
-23.5 0.0  0.0 5.0 5.0
-23.5 1.0  0.0 0.0 5.0

//Back Entry-L
Z
-22.0 1.0  0.5 0.0 0.0
-22.0 0.0  0.5 5.0 0.0
-24.0 0.0  0.5 5.0 5.0
-24.0 1.0  0.5 0.0 5.0

//Back Entry-Ceiling
Y
-22.0 1.0  0.5 0.0 0.0
-22.0 1.0  0.0 5.0 0.0
-24.0 1.0  0.0 5.0 5.0
-24.0 1.0  0.5 0.0 5.0

//Link - R
X
-8.5 0.0 -7.5 0.0 0.0
-8.5 1.0 -7.5 5.0 0.0
-8.5 1.0  3.5 5.0 5.0
-8.5 0.0  3.5 0.0 5.0


//Link - Ceiling
Y
-8.5 1.0 -7.5 0.0 0.0
-8.0 1.0 -7.5 5.0 0.0
-8.0 1.0  4.0 5.0 5.0
-8.5 1.0  4.0 0.0 5.0

//Link - L1
X
-8.0 0.0 -7.5 0.0 0.0
-8.0 1.0 -7.5 5.0 0.0
-8.0 1.0  1.5 5.0 5.0
-8.0 0.0  1.5 0.0 5.0

//Link - L2
X
-8.0 0.0  2.0 0.0 0.0
-8.0 1.0  2.0 5.0 0.0
-8.0 1.0  4.0 5.0 5.0
-8.0 0.0  4.0 0.0 5.0

//Front Entry- L
Z
-8.0  0.0 4.0 0.0 0.0
-8.0  1.0 4.0 5.0 0.0
-12.0 1.0 4.0 5.0 5.0
-12.0 0.0 4.0 0.0 5.0

//Front Entry -R
Z
-8.5  0.0 3.5 0.0 0.0
-8.5  1.0 3.5 5.0 0.0
-12.0 1.0 3.5 5.0 5.0
-12.0 0.0 3.5 0.0 5.0


//Front Entry -Ceiling
Y
-8.0  1.0 4.0 0.0 0.0
-8.0  1.0 3.5 5.0 0.0
-12.0 1.0 3.5 5.0 5.0
-12.0 1.0 4.0 0.0 5.0


//Front Entry_ Cap
X
-12.0 1.0 4.0 0.0 0.0
-12.0 2.0 4.0 5.0 0.0
-12.0 2.0 3.5 5.0 5.0
-12.0 1.0 3.5 0.0 5.0

//Arena -L1
X
-12.0 0.0 4.0 0.0 0.0
-12.0 2.0 4.0 5.0 0.0
-12.0 2.0 8.0 5.0 5.0
-12.0 0.0 8.0 0.0 5.0


//Arena -R1
X
-12.0 0.0 3.5 0.0 0.0
-12.0 2.0 3.5 5.0 0.0
-12.0 2.0 0.0 5.0 5.0
-12.0 0.0 0.0 0.0 5.0

//Arena -Back_wall
X
-22.0 0.0 0.5 0.0 0.0
-22.0 2.0 0.5 5.0 0.0
-22.0 2.0 8.0 5.0 5.0
-22.0 0.0 8.0 0.0 5.0

//Arena -Back_wall_door
X
-22.0 1.0 0.5 0.0 0.0
-22.0 2.0 0.5 5.0 0.0
-22.0 2.0 0.0 5.0 5.0
-22.0 1.0 0.0 0.0 5.0

//Arena -Right_wall
Z
-22.0 0.0 0.0 0.0 0.0
-22.0 2.0 0.0 5.0 0.0
-12.0 2.0 0.0 5.0 5.0
-12.0 0.0 0.0 0.0 5.0


//Arena -Left_wall
Z
-22.0 0.0 8.0 0.0 0.0
-22.0 2.0 8.0 5.0 0.0
-12.0 2.0 8.0 5.0 5.0
-12.0 0.0 8.0 0.0 5.0

//Arena Ceiling
Y
-12.0 2.0 0.0 0.0 0.0
-12.0 2.0 8.0 5.0 0.0
-22.0 2.0 8.0 5.0 5.0
-22.0 2.0 0.0 0.0 5.0

//Arena Peak tri parallel to z1
X
-12.0 2.0 0.0 0.0 0.0
-12.0 3.0 0.0 5.0 0.0
-12.0 3.0 8.0 5.0 5.0
-12.0 2.0 8.0 0.0 5.0


//Arena Peak tri parallel to z2
X
-17.0 2.0 0.0 0.0 0.0
-17.0 3.0 0.0 5.0 0.0
-17.0 2.0 8.0 5.0 5.0
-17.0 3.0 8.0 0.0 5.0

//Arena Peak tri parallel to x
Z
-12.0 2.0 8.0 0.0 0.0
-12.0 3.0 8.0 5.0 0.0
-17.0 2.0 8.0 5.0 5.0
-17.0 2.0 8.0 0.0 5.0
Z
-17.0 2.0 8.0 0.0 0.0
-17.0 3.0 8.0 5.0 0.0
-22.0 2.0 8.0 5.0 5.0
-22.0 2.0 8.0 0.0 5.0
